angular_rate_gain:
  x: 0.1
  y: 0.1
  z: 0.025
attitude_gain:
  x: 0.27999999999999997
  y: 0.27999999999999997
  z: 0.014000000000000002
position_gain:
  x: 1.2
  y: 1.2
  z: 1.2
velocity_gain:
  x: 2.2
  y: 2.2
  z: 2.2
